1730444948985 0.0 0
1730444959043 62.3 1
1730444969090 62.6 2
1730444979191 63.4 3
1730444989274 63.6 4
1730444999320 43.0 5
1730445009395 42.2 6
1730445019491 42.6 7
1730445029574 51.2 8
1730445039682 66.0 9
1730445049780 63.5 10
1730445059826 65.4 11
1730445069944 51.7 12
1730445080044 42.6 13
1730445090144 42.7 14
1730445100244 40.8 15
1730445110319 72.0 16
1730445120361 84.7 17
1730445130407 44.8 18
1730445140493 14.9 19
1730445150580 6.2 20
1730445160666 6.7 21
1730445170757 1.1 22
1730445180793 10.1 23
1730445190839 3.7 24
1730445200923 3.1 25
