1730444948985 738636.2 0
1730444959043 738636.2 1
1730444969090 738636.2 2
1730444979191 738636.2 3
1730444989274 738636.2 4
1730444999320 738636.2 5
1730445009395 738636.2 6
1730445019491 738636.2 7
1730445029574 738636.2 8
1730445039682 738636.2 9
1730445049780 738636.2 10
1730445059826 738636.2 11
1730445069944 738636.2 12
1730445080044 738636.2 13
1730445090144 738636.2 14
1730445100244 738636.2 15
1730445110319 738636.2 16
1730445120361 738636.2 17
1730445130407 738636.2 18
1730445140493 737661.4 19
1730445150580 737661.4 20
1730445160666 737661.4 21
1730445170757 737661.4 22
1730445180793 737661.4 23
1730445190839 737661.4 24
1730445200923 737661.4 25
