1730444948985 261461.0 0
1730444959043 261461.0 1
1730444969090 261461.0 2
1730444979191 261461.0 3
1730444989274 261461.0 4
1730444999320 261461.0 5
1730445009395 261461.0 6
1730445019491 261461.0 7
1730445029574 261461.0 8
1730445039682 261461.0 9
1730445049780 261461.0 10
1730445059826 261461.0 11
1730445069944 261461.0 12
1730445080044 261461.0 13
1730445090144 261461.0 14
1730445100244 261461.0 15
1730445110319 261461.0 16
1730445120361 261461.0 17
1730445130407 261461.0 18
1730445140493 262435.7 19
1730445150580 262435.7 20
1730445160666 262435.7 21
1730445170757 262435.7 22
1730445180793 262435.7 23
1730445190839 262435.7 24
1730445200923 262435.7 25
