1730444948985 26.1 0
1730444959043 26.1 1
1730444969090 26.1 2
1730444979191 26.1 3
1730444989274 26.1 4
1730444999320 26.1 5
1730445009395 26.1 6
1730445019491 26.1 7
1730445029574 26.1 8
1730445039682 26.1 9
1730445049780 26.1 10
1730445059826 26.1 11
1730445069944 26.1 12
1730445080044 26.1 13
1730445090144 26.1 14
1730445100244 26.1 15
1730445110319 26.1 16
1730445120361 26.1 17
1730445130407 26.1 18
1730445140493 26.2 19
1730445150580 26.2 20
1730445160666 26.2 21
1730445170757 26.2 22
1730445180793 26.2 23
1730445190839 26.2 24
1730445200923 26.2 25
