1730444948985 0.0 0
1730444959043 84.0 1
1730444969090 84.0 2
1730444979191 96.0 3
1730444989274 80.0 4
1730444999320 97.0 5
1730445009395 100.0 6
1730445019491 84.0 7
1730445029574 84.0 8
1730445039682 84.0 9
1730445049780 96.0 10
1730445059826 84.0 11
1730445069944 85.0 12
1730445080044 97.0 13
1730445090144 85.0 14
1730445100244 97.0 15
1730445110319 80.0 16
1730445120361 83.0 17
1730445130407 1.0 18
1730445140493 0.0 19
1730445150580 0.0 20
1730445160666 2.0 21
1730445170757 0.0 22
1730445180793 0.0 23
1730445190839 3.0 24
1730445200923 0.0 25
