1730444948985 912.8 0
1730444959043 4892.0 1
1730444969090 4941.2 2
1730444979191 4889.8 3
1730444989274 4853.0 4
1730444999320 4845.6 5
1730445009395 4847.5 6
1730445019491 4848.8 7
1730445029574 4860.2 8
1730445039682 4844.4 9
1730445049780 4863.5 10
1730445059826 4844.3 11
1730445069944 4853.8 12
1730445080044 4850.0 13
1730445090144 4847.5 14
1730445100244 4838.9 15
1730445110319 4846.6 16
1730445120361 4846.6 17
1730445130407 4846.6 18
1730445140493 4846.6 19
1730445150580 4839.0 20
1730445160666 4863.0 21
1730445170757 4847.3 22
1730445180793 4857.7 23
1730445190839 4849.4 24
1730445200923 4856.3 25
