1730444948985 7.1 0
1730444959043 38.0 1
1730444969090 38.3 2
1730444979191 38.0 3
1730444989274 37.7 4
1730444999320 37.6 5
1730445009395 37.6 6
1730445019491 37.6 7
1730445029574 37.7 8
1730445039682 37.6 9
1730445049780 37.7 10
1730445059826 37.6 11
1730445069944 37.7 12
1730445080044 37.6 13
1730445090144 37.6 14
1730445100244 37.6 15
1730445110319 37.6 16
1730445120361 37.6 17
1730445130407 37.6 18
1730445140493 37.6 19
1730445150580 37.6 20
1730445160666 37.7 21
1730445170757 37.6 22
1730445180793 37.7 23
1730445190839 37.6 24
1730445200923 37.7 25
