1730444948985 37.2 0
1730444959043 128.2 1
1730444969090 128.8 2
1730444979191 134.6 3
1730444989274 61.0 4
1730444999320 53.8 5
1730445009395 53.9 6
1730445019491 54.3 7
1730445029574 132.7 8
1730445039682 132.5 9
1730445049780 131.5 10
1730445059826 134.1 11
1730445069944 53.7 12
1730445080044 54.3 13
1730445090144 53.8 14
1730445100244 53.3 15
1730445110319 48.8 16
1730445120361 49.2 17
1730445130407 11.0 18
1730445140493 10.9 19
1730445150580 10.1 20
1730445160666 10.3 21
1730445170757 10.4 22
1730445180793 10.2 23
1730445190839 10.6 24
1730445200923 10.5 25
