1730444948985 21.9 0
1730444959043 75.4 1
1730444969090 75.8 2
1730444979191 79.2 3
1730444989274 35.9 4
1730444999320 31.6 5
1730445009395 31.7 6
1730445019491 32.0 7
1730445029574 78.1 8
1730445039682 78.0 9
1730445049780 77.4 10
1730445059826 78.9 11
1730445069944 31.6 12
1730445080044 32.0 13
1730445090144 31.7 14
1730445100244 31.3 15
1730445110319 28.7 16
1730445120361 28.9 17
1730445130407 6.5 18
1730445140493 6.4 19
1730445150580 5.9 20
1730445160666 6.0 21
1730445170757 6.1 22
1730445180793 6.0 23
1730445190839 6.3 24
1730445200923 6.2 25
