1730444948985 0.0031679999999596475 0
1730444959043 0.02895899999998619 1
1730444969090 0.04842099999996208 2
1730444979191 0.06032200000004195 3
1730444989274 0.06341300000008232 4
1730444999320 0.06776300000001356 5
1730445009395 0.07224900000005618 6
1730445019491 0.07230300000014722 7
1730445029574 0.0813500000001568 8
1730445039682 0.08439799999996467 9
1730445049780 0.09384500000010121 10
1730445059826 0.09423800000013216 11
1730445069944 0.09423800000013216 12
1730445080044 0.09471000000007734 13
1730445090144 0.09799900000007256 14
1730445100244 0.10356000000001586 15
1730445110319 0.10383100000012746 16
1730445120361 0.1094460000001618 17
1730445130407 0.10950000000002547 18
1730445140493 0.1123290000000452 19
1730445150580 0.11239599999998973 20
1730445160666 0.1204490000000078 21
1730445170757 0.12407400000006419 22
1730445180793 0.14611100000001898 23
1730445190839 0.184306000000106 24
1730445200923 0.3011650000000827 25
