1730444948985 0.0 0
1730444959043 0.01953500000126951 1
1730444969090 0.02198800000041956 2
1730444979191 0.023391000000628992 3
1730444989274 0.02448000000003958 4
1730444999320 0.030888999999660882 5
1730445009395 0.03708800000094925 6
1730445019491 0.037895000001299195 7
1730445029574 0.09375600000021223 8
1730445039682 0.09418499999992491 9
1730445049780 0.09504200000083074 10
1730445059826 0.09689299999990908 11
1730445069944 0.09732500000063737 12
1730445080044 0.09809900000072957 13
1730445090144 0.09925400000065565 14
1730445100244 0.10085700000126963 15
1730445110319 0.10206699999980628 16
1730445120361 0.10555000000022119 17
1730445130407 0.10604100000091421 18
1730445140493 0.10677700000087498 19
1730445150580 0.10696699999971315 20
1730445160666 0.10823700000037206 21
1730445170757 0.11090800000056333 22
1730445180793 0.12624599999981 23
1730445190839 0.13433200000145007 24
1730445200923 0.19030800000109593 25
