1730444948985 33.6 0
1730444959043 34.4 1
1730444969090 34.5 2
1730444979191 34.5 3
1730444989274 34.5 4
1730444999320 34.5 5
1730445009395 34.5 6
1730445019491 34.5 7
1730445029574 34.5 8
1730445039682 34.5 9
1730445049780 34.5 10
1730445059826 34.5 11
1730445069944 34.4 12
1730445080044 34.4 13
1730445090144 34.4 14
1730445100244 34.3 15
1730445110319 34.4 16
1730445120361 34.4 17
1730445130407 37.2 18
1730445140493 36.1 19
1730445150580 35.5 20
1730445160666 35.2 21
1730445170757 34.9 22
1730445180793 34.9 23
1730445190839 35.2 24
1730445200923 35.4 25
