1730444948985 11525.6 0
1730444959043 11798.6 1
1730444969090 11829.4 2
1730444979191 11831.6 3
1730444989274 11826.4 4
1730444999320 11810.2 5
1730445009395 11821.2 6
1730445019491 11823.9 7
1730445029574 11825.1 8
1730445039682 11811.4 9
1730445049780 11823.5 10
1730445059826 11813.5 11
1730445069944 11781.4 12
1730445080044 11777.5 13
1730445090144 11768.2 14
1730445100244 11760.0 15
1730445110319 11778.4 16
1730445120361 11782.4 17
1730445130407 12734.6 18
1730445140493 12378.3 19
1730445150580 12162.8 20
1730445160666 12051.6 21
1730445170757 11949.7 22
1730445180793 11954.1 23
1730445190839 12066.2 24
1730445200923 12141.5 25
