1730444494091 0.0 0
1730444504127 52.7 1
1730444514201 43.5 2
1730444524258 45.8 3
1730444534304 44.2 4
1730444544379 44.1 5
1730444554457 45.6 6
1730444564522 44.5 7
1730444574592 45.3 8
1730444584636 45.9 9
1730444594723 45.7 10
1730444604790 46.8 11
1730444614865 45.0 12
1730444624967 42.3 13
1730444635039 47.7 14
1730444645105 63.9 15
1730444655185 64.1 16
1730444665266 62.6 17
1730444675339 68.3 18
1730444685431 61.6 19
1730444695476 63.8 20
1730444705520 62.5 21
1730444715583 61.5 22
1730444725662 81.6 23
1730444735709 84.5 24
1730444745778 26.9 25
1730444755817 12.9 26
1730444765855 5.0 27
1730444775925 7.3 28
1730444785988 2.0 29
1730444796064 7.5 30
1730444806133 0.8 31
1730444816205 4.1 32
