1730444494091 738637.8 0
1730444504127 738637.8 1
1730444514201 738637.8 2
1730444524258 738637.8 3
1730444534304 738637.8 4
1730444544379 738637.8 5
1730444554457 738637.8 6
1730444564522 738637.8 7
1730444574592 738637.8 8
1730444584636 738637.8 9
1730444594723 738637.8 10
1730444604790 738637.8 11
1730444614865 738637.8 12
1730444624967 738637.8 13
1730444635039 738637.8 14
1730444645105 738637.8 15
1730444655185 738637.8 16
1730444665266 738637.8 17
1730444675339 738636.9 18
1730444685431 738636.9 19
1730444695476 738636.9 20
1730444705520 739611.6 21
1730444715583 739611.6 22
1730444725662 739611.6 23
1730444735709 739611.6 24
1730444745778 738636.9 25
1730444755817 738636.9 26
1730444765855 738636.8 27
1730444775925 738636.8 28
1730444785988 738636.8 29
1730444796064 738636.8 30
1730444806133 738636.8 31
1730444816205 738636.8 32
