1730444494091 26.1 0
1730444504127 26.1 1
1730444514201 26.1 2
1730444524258 26.1 3
1730444534304 26.1 4
1730444544379 26.1 5
1730444554457 26.1 6
1730444564522 26.1 7
1730444574592 26.1 8
1730444584636 26.1 9
1730444594723 26.1 10
1730444604790 26.1 11
1730444614865 26.1 12
1730444624967 26.1 13
1730444635039 26.1 14
1730444645105 26.1 15
1730444655185 26.1 16
1730444665266 26.1 17
1730444675339 26.1 18
1730444685431 26.1 19
1730444695476 26.1 20
1730444705520 26.0 21
1730444715583 26.0 22
1730444725662 26.0 23
1730444735709 26.0 24
1730444745778 26.1 25
1730444755817 26.1 26
1730444765855 26.1 27
1730444775925 26.1 28
1730444785988 26.1 29
1730444796064 26.1 30
1730444806133 26.1 31
1730444816205 26.1 32
