1730444494091 261459.4 0
1730444504127 261459.4 1
1730444514201 261459.4 2
1730444524258 261459.4 3
1730444534304 261459.4 4
1730444544379 261459.4 5
1730444554457 261459.4 6
1730444564522 261459.4 7
1730444574592 261459.4 8
1730444584636 261459.4 9
1730444594723 261459.4 10
1730444604790 261459.4 11
1730444614865 261459.4 12
1730444624967 261459.4 13
1730444635039 261459.4 14
1730444645105 261459.4 15
1730444655185 261459.4 16
1730444665266 261459.4 17
1730444675339 261460.3 18
1730444685431 261460.3 19
1730444695476 261460.3 20
1730444705520 260485.6 21
1730444715583 260485.6 22
1730444725662 260485.6 23
1730444735709 260485.6 24
1730444745778 261460.3 25
1730444755817 261460.3 26
1730444765855 261460.3 27
1730444775925 261460.3 28
1730444785988 261460.3 29
1730444796064 261460.3 30
1730444806133 261460.3 31
1730444816205 261460.3 32
