1730444494091 0.0 0
1730444504127 0.013778000000456814 1
1730444514201 0.015339000001404202 2
1730444524258 0.022291999999652035 3
1730444534304 0.022915999999895575 4
1730444544379 0.023172000001068227 5
1730444554457 0.023513000000093598 6
1730444564522 0.024677000001247507 7
1730444574592 0.03289700000095763 8
1730444584636 0.03935000000092259 9
1730444594723 0.04060600000047998 10
1730444604790 0.04167799999959243 11
1730444614865 0.04323300000032759 12
1730444624967 0.04572800000096322 13
1730444635039 0.053230000001349254 14
1730444645105 0.05553599999984726 15
1730444655185 0.056242000000565895 16
1730444665266 0.05763400000068941 17
1730444675339 0.06362799999988056 18
1730444685431 0.06421200000113458 19
1730444695476 0.06454200000007404 20
1730444705520 0.0665339999995922 21
1730444715583 0.06836000000112108 22
1730444725662 0.07600100000126986 23
1730444735709 0.13117799999963609 24
1730444745778 0.13189600000077917 25
1730444755817 0.13228600000002189 26
1730444765855 0.1465779999998631 27
1730444775925 0.154368000001341 28
1730444785988 0.15625999999974738 29
1730444796064 0.16343899999992573 30
1730444806133 0.16400100000100792 31
1730444816205 0.1653020000012475 32
