1730444494091 0.0 0
1730444504127 0.04013299999996889 1
1730444514201 0.04045799999994415 2
1730444524258 0.045279999999820575 3
1730444534304 0.04555199999981596 4
1730444544379 0.04560700000001816 5
1730444554457 0.04870999999980086 6
1730444564522 0.0490789999998924 7
1730444574592 0.055505999999923006 8
1730444584636 0.060059999999793945 9
1730444594723 0.06082099999980528 10
1730444604790 0.06138599999985672 11
1730444614865 0.06225399999993897 12
1730444624967 0.06548099999986334 13
1730444635039 0.0732029999999213 14
1730444645105 0.08041600000001381 15
1730444655185 0.08311600000001818 16
1730444665266 0.0903849999999693 17
1730444675339 0.09774799999991046 18
1730444685431 0.10041899999987436 19
1730444695476 0.10055799999986448 20
1730444705520 0.1036469999999099 21
1730444715583 0.10386399999993046 22
1730444725662 0.11226299999998446 23
1730444735709 0.12339899999983572 24
1730444745778 0.12383799999997791 25
1730444755817 0.1240299999999479 26
1730444765855 0.13956199999984165 27
1730444775925 0.1469809999998688 28
1730444785988 0.15019999999981337 29
1730444796064 0.15838399999984176 30
1730444806133 0.1586019999999735 31
1730444816205 0.15879399999994348 32
