1730444494091 11374.6 0
1730444504127 11798.1 1
1730444514201 11790.4 2
1730444524258 11795.3 3
1730444534304 11790.1 4
1730444544379 11798.2 5
1730444554457 11797.9 6
1730444564522 11784.9 7
1730444574592 11841.7 8
1730444584636 11842.2 9
1730444594723 11845.6 10
1730444604790 11487.7 11
1730444614865 11506.1 12
1730444624967 11515.9 13
1730444635039 11523.5 14
1730444645105 11574.4 15
1730444655185 11576.3 16
1730444665266 11546.4 17
1730444675339 11548.0 18
1730444685431 11541.8 19
1730444695476 11548.2 20
1730444705520 11579.2 21
1730444715583 11665.1 22
1730444725662 11685.5 23
1730444735709 11697.6 24
1730444745778 12715.3 25
1730444755817 12148.7 26
1730444765855 11985.1 27
1730444775925 11850.7 28
1730444785988 11771.0 29
1730444796064 11705.7 30
1730444806133 11660.3 31
1730444816205 11630.2 32
