1730444494091 33.2 0
1730444504127 34.4 1
1730444514201 34.4 2
1730444524258 34.4 3
1730444534304 34.4 4
1730444544379 34.4 5
1730444554457 34.4 6
1730444564522 34.4 7
1730444574592 34.6 8
1730444584636 34.6 9
1730444594723 34.6 10
1730444604790 33.5 11
1730444614865 33.6 12
1730444624967 33.6 13
1730444635039 33.6 14
1730444645105 33.8 15
1730444655185 33.8 16
1730444665266 33.7 17
1730444675339 33.7 18
1730444685431 33.7 19
1730444695476 33.7 20
1730444705520 33.8 21
1730444715583 34.1 22
1730444725662 34.1 23
1730444735709 34.1 24
1730444745778 37.1 25
1730444755817 35.5 26
1730444765855 35.0 27
1730444775925 34.6 28
1730444785988 34.4 29
1730444796064 34.2 30
1730444806133 34.0 31
1730444816205 33.9 32
